$ 0 0.0000049999999999999996 1.4391916095149893 50 5 50 5e-11
g 128 592 128 608 0 0
R 128 80 128 48 0 0 40 10 0 0 0.5
R 80 80 80 48 0 0 40 9.9 0 0 0.5
r 128 96 128 160 0 3300
r 128 288 128 352 0 3300
r 128 528 128 592 0 3300
w 128 80 128 96 0
w 128 192 128 256 0
w 128 368 128 432 0
w 80 80 80 160 0
409 192 176 288 176 1 0.6 -9.892068406654362 0.0231 0
409 192 272 288 272 1 0.6 -0.3950785242439421 0.0231 0
g 320 592 320 608 0 0
w 240 96 240 144 0
w 176 224 240 224 0
w 240 224 240 240 0
w 240 208 320 208 0
w 128 432 128 464 0
w 128 464 128 480 0
w 320 528 320 544 0
w 128 192 128 160 0
w 192 192 80 192 0
w 128 256 128 272 0
w 192 256 80 256 0
w 128 272 128 288 0
w 128 480 128 528 0
w 320 544 320 592 0
r 400 176 288 176 0 330
r 608 432 608 496 0 330
g 576 288 576 608 0 0
g 608 576 608 608 0 0
162 400 176 464 176 2 default-led 0 1 0 0.01
162 400 272 464 272 2 default-led 1 0 0 0.01
w 240 304 320 304 0
w 128 352 128 368 0
w 240 96 176 96 0
w 176 96 128 96 0
w 80 160 80 192 0
w 80 192 80 256 0
w 320 208 320 304 0
w 320 304 320 416 0
w 320 416 320 528 0
r 288 272 400 272 0 330
162 608 496 608 576 2 default-led 1 1 0 0.01
w 176 224 176 96 0
t 464 272 576 272 0 1 0.669954897875373 0.6942898931363566 100 default
w 448 96 608 96 0
w 240 96 448 96 0
r 608 96 608 256 0 1000
w 576 256 608 256 0
w 464 176 464 272 0
w 192 160 128 160 0
w 176 304 176 432 0
w 176 304 176 288 0
w 176 288 192 288 0
w 176 432 128 432 0
w 608 336 608 432 0
w 608 256 608 336 0
r 464 272 464 576 0 1000
g 464 576 464 608 0 0
38 2 F1 0 0 10 -1 Voltage
